220;518;0
221;518;0
220;519;0
222;518;0
221;519;0
221;517;0
220;520;0
223;518;0
222;519;0
222;517;0
221;520;0
221;516;0
224;518;0
223;519;0
223;517;0
222;520;0
222;516;0
221;521;0
221;515;0
225;518;0
224;519;0
224;517;0
223;520;0
223;516;0
222;521;0
222;515;0
221;522;0
226;518;0
225;519;0
225;517;0
224;520;0
224;516;0
223;521;0
223;515;0
222;522;0
222;514;0
221;523;0
227;518;0
226;519;0
226;517;0
225;520;0
225;516;0
224;521;0
224;515;0
223;522;0
223;514;0
222;523;0
222;513;0
221;524;0
228;518;0
227;519;0
227;517;0
226;520;0
226;516;0
225;521;0
225;515;0
224;522;0
224;514;0
223;523;0
223;513;0
222;524;0
222;512;0
229;518;0
228;519;0
228;517;0
227;520;0
227;516;0
226;521;0
226;515;0
225;522;0
225;514;0
224;523;0
224;513;0
223;524;0
223;512;0
222;525;0
222;511;0
230;518;0
229;519;0
229;517;0
228;520;0
228;516;0
227;521;0
227;515;0
226;522;0
226;514;0
225;523;0
225;513;0
224;524;0
224;512;0
223;525;0
223;511;0
222;526;0
222;510;0
231;518;0
230;519;0
230;517;0
229;520;0
229;516;0
228;521;0
228;515;0
227;522;0
227;514;0
226;523;0
226;513;0
225;524;0
225;512;0
224;525;0
224;511;0
223;526;0
223;510;0
222;509;0
232;518;0
231;519;0
231;517;0
230;520;0
230;516;0
229;521;0
229;515;0
228;522;0
228;514;0
227;523;0
227;513;0
226;524;0
226;512;0
225;525;0
225;511;0
224;526;0
224;510;0
223;527;0
223;509;0
233;518;0
232;519;0
232;517;0
231;520;0
231;516;0
230;521;0
230;515;0
229;522;0
229;514;0
228;523;0
228;513;0
227;524;0
227;512;0
226;525;0
226;511;0
225;526;0
225;510;0
224;527;0
224;509;0
234;518;0
233;519;0
233;517;0
232;520;0
232;516;0
231;521;0
231;515;0
230;522;0
230;514;0
229;523;0
229;513;0
228;524;0
228;512;0
227;525;0
227;511;0
226;526;0
226;510;0
225;527;0
225;509;0
235;518;0
234;519;0
234;517;0
233;520;0
233;516;0
232;521;0
232;515;0
231;522;0
231;514;0
230;523;0
230;513;0
229;524;0
229;512;0
228;525;0
228;511;0
227;526;0
227;510;0
226;527;0
225;528;0
236;518;0
235;519;0
235;517;0
234;520;0
234;516;0
233;521;0
233;515;0
232;522;0
232;514;0
231;523;0
231;513;0
230;524;0
230;512;0
229;525;0
229;511;0
228;526;0
228;510;0
227;527;0
226;528;0
237;518;0
236;519;0
236;517;0
235;520;0
235;516;0
234;521;0
234;515;0
233;522;0
233;514;0
232;523;0
232;513;0
231;524;0
231;512;0
230;525;0
230;511;0
229;526;0
228;527;0
227;528;0
238;518;0
237;519;0
237;517;0
236;520;0
236;516;0
235;521;0
235;515;0
234;522;0
234;514;0
233;523;0
233;513;0
232;524;0
232;512;0
231;525;0
230;526;0
229;527;0
228;528;0
239;518;0
238;519;0
238;517;0
237;520;0
237;516;0
236;521;0
236;515;0
235;522;0
235;514;0
234;523;0
234;513;0
233;524;0
233;512;0
232;525;0
231;526;0
230;527;0
229;528;0
240;518;0
239;519;0
239;517;0
238;520;0
238;516;0
237;521;0
237;515;0
236;522;0
236;514;0
235;523;0
235;513;0
234;524;0
234;512;0
233;525;0
232;526;0
231;527;0
230;528;0
229;529;0
241;518;0
240;519;0
240;517;0
239;520;0
239;516;0
238;521;0
238;515;0
237;522;0
237;514;0
236;523;0
236;513;0
235;524;0
235;512;0
234;525;0
233;526;0
232;527;0
231;528;0
230;529;0
242;518;0
241;519;0
241;517;0
240;520;0
240;516;0
239;521;0
239;515;0
238;522;0
238;514;0
237;523;0
237;513;0
236;524;0
236;512;0
235;525;0
234;526;0
233;527;0
232;528;0
231;529;0
243;518;0
242;519;0
242;517;0
241;520;0
241;516;0
240;521;0
240;515;0
239;522;0
239;514;0
238;523;0
238;513;0
237;524;0
236;525;0
235;526;0
234;527;0
233;528;0
232;529;0
244;518;0
243;519;0
243;517;0
242;520;0
242;516;0
241;521;0
241;515;0
240;522;0
240;514;0
239;523;0
239;513;0
238;524;0
237;525;0
236;526;0
235;527;0
234;528;0
233;529;0
244;519;0
244;517;0
243;520;0
243;516;0
242;521;0
242;515;0
241;522;0
241;514;0
240;523;0
240;513;0
239;524;0
238;525;0
237;526;0
236;527;0
235;528;0
234;529;0
244;520;0
245;517;0
244;516;0
243;521;0
243;515;0
242;522;0
242;514;0
241;523;0
241;513;0
240;524;0
239;525;0
238;526;0
237;527;0
236;528;0
235;529;0
245;516;0
244;515;0
243;522;0
243;514;0
242;523;0
242;513;0
241;524;0
240;525;0
239;526;0
238;527;0
237;528;0
236;529;0
245;515;0
244;514;0
243;523;0
243;513;0
242;524;0
241;525;0
240;526;0
239;527;0
238;528;0
237;529;0
243;524;0
242;525;0
241;526;0
240;527;0
239;528;0
238;529;0
243;525;0
242;526;0
241;527;0
240;528;0
239;529;0
242;527;0
241;528;0
240;529;0
242;528;0
241;529;0
250;405;1
251;405;1
250;406;1
252;405;1
251;406;1
251;404;1
252;406;1
252;404;1
252;488;2
253;488;2
254;488;2
253;489;2
255;488;2
254;489;2
256;488;2
255;489;2
254;490;2
257;488;2
256;489;2
255;490;2
258;488;2
257;489;2
256;490;2
255;491;2
258;489;2
257;490;2
256;491;2
259;489;2
258;490;2
257;491;2
256;492;2
260;489;2
259;490;2
258;491;2
257;492;2
260;490;2
259;491;2
258;492;2
257;493;2
261;490;2
260;491;2
259;492;2
258;493;2
262;490;2
261;491;2
260;492;2
259;493;2
258;494;2
263;490;2
262;491;2
261;492;2
260;493;2
259;494;2
263;491;2
262;492;2
261;493;2
260;494;2
259;495;2
264;491;2
263;492;2
262;493;2
261;494;2
260;495;2
265;491;2
264;492;2
263;493;2
262;494;2
261;495;2
266;491;2
265;492;2
264;493;2
263;494;2
262;495;2
267;491;2
266;492;2
265;493;2
264;494;2
263;495;2
267;492;2
266;493;2
265;494;2
264;495;2
268;492;2
267;493;2
266;494;2
265;495;2
269;492;2
268;493;2
267;494;2
266;495;2
269;493;2
268;494;2
267;495;2
270;493;2
269;494;2
268;495;2
270;494;2
269;495;2
268;569;3
269;569;3
270;569;3
269;570;3
271;569;3
270;570;3
269;571;3
272;569;3
271;570;3
270;571;3
273;569;3
272;570;3
271;571;3
270;572;3
273;570;3
272;571;3
271;572;3
274;570;3
273;571;3
272;572;3
274;571;3
273;572;3
275;571;3
274;572;3
275;572;3
276;572;3
269;460;4
270;460;4
269;461;4
271;460;4
270;461;4
270;459;4
272;460;4
271;461;4
271;459;4
270;462;4
270;458;4
273;460;4
272;461;4
272;459;4
271;462;4
271;458;4
270;463;4
274;460;4
273;461;4
273;459;4
272;462;4
272;458;4
271;463;4
271;457;4
275;460;4
274;461;4
274;459;4
273;462;4
273;458;4
272;463;4
272;457;4
271;464;4
276;460;4
275;461;4
275;459;4
274;462;4
274;458;4
273;463;4
273;457;4
272;464;4
277;460;4
276;461;4
276;459;4
275;462;4
275;458;4
274;463;4
274;457;4
273;464;4
278;460;4
277;461;4
277;459;4
276;462;4
276;458;4
275;463;4
275;457;4
274;464;4
274;456;4
279;460;4
278;461;4
278;459;4
277;462;4
277;458;4
276;463;4
276;457;4
275;464;4
275;456;4
279;461;4
279;459;4
278;462;4
278;458;4
277;463;4
277;457;4
276;464;4
276;456;4
278;463;4
277;464;4
274;583;5
275;583;5
274;584;5
276;583;5
275;584;5
275;582;5
277;583;5
276;584;5
276;582;5
275;585;5
275;581;5
278;583;5
277;584;5
277;582;5
276;585;5
276;581;5
279;583;5
278;584;5
278;582;5
277;585;5
277;581;5
276;586;5
276;580;5
279;584;5
279;582;5
278;585;5
278;581;5
277;586;5
277;580;5
279;585;5
279;581;5
278;586;5
278;580;5
277;579;5
279;586;5
279;580;5
278;579;5
276;546;6
277;546;6
276;547;6
278;546;6
277;547;6
277;545;6
279;546;6
278;547;6
278;545;6
277;548;6
280;546;6
279;547;6
279;545;6
278;548;6
278;544;6
281;546;6
280;547;6
280;545;6
279;548;6
279;544;6
282;546;6
281;547;6
281;545;6
280;548;6
280;544;6
283;546;6
282;547;6
282;545;6
281;548;6
281;544;6
284;546;6
283;547;6
283;545;6
282;548;6
282;544;6
285;546;6
284;547;6
284;545;6
283;548;6
283;544;6
286;546;6
285;547;6
285;545;6
284;548;6
284;544;6
283;543;6
287;546;6
286;547;6
286;545;6
285;548;6
285;544;6
284;543;6
288;546;6
287;547;6
287;545;6
286;548;6
286;544;6
285;543;6
289;546;6
288;547;6
288;545;6
287;548;6
287;544;6
286;543;6
290;546;6
289;547;6
289;545;6
288;548;6
288;544;6
287;543;6
291;546;6
290;547;6
290;545;6
289;548;6
289;544;6
288;543;6
292;546;6
291;547;6
291;545;6
290;548;6
290;544;6
289;543;6
288;542;6
293;546;6
292;547;6
292;545;6
291;548;6
291;544;6
290;543;6
289;542;6
294;546;6
293;547;6
293;545;6
292;548;6
292;544;6
291;543;6
290;542;6
295;546;6
294;547;6
294;545;6
293;548;6
293;544;6
292;543;6
291;542;6
296;546;6
295;547;6
295;545;6
294;548;6
294;544;6
293;543;6
292;542;6
297;546;6
296;547;6
296;545;6
295;548;6
295;544;6
294;543;6
293;542;6
298;546;6
297;547;6
297;545;6
296;548;6
296;544;6
295;543;6
294;542;6
299;546;6
298;547;6
298;545;6
297;548;6
297;544;6
296;543;6
295;542;6
300;546;6
299;547;6
299;545;6
298;548;6
298;544;6
297;543;6
296;542;6
301;546;6
300;547;6
300;545;6
299;548;6
299;544;6
298;543;6
297;542;6
302;546;6
301;547;6
301;545;6
300;544;6
299;543;6
298;542;6
303;546;6
302;547;6
302;545;6
301;544;6
300;543;6
299;542;6
304;546;6
303;547;6
303;545;6
302;544;6
301;543;6
300;542;6
305;546;6
304;547;6
304;545;6
303;544;6
302;543;6
301;542;6
306;546;6
305;547;6
305;545;6
304;544;6
303;543;6
302;542;6
307;546;6
306;547;6
306;545;6
305;544;6
304;543;6
303;542;6
308;546;6
307;547;6
307;545;6
306;544;6
305;543;6
304;542;6
303;541;6
309;546;6
308;547;6
308;545;6
307;544;6
306;543;6
305;542;6
304;541;6
310;546;6
309;547;6
309;545;6
308;544;6
307;543;6
306;542;6
305;541;6
311;546;6
310;545;6
309;544;6
308;543;6
307;542;6
306;541;6
305;540;6
312;546;6
311;545;6
310;544;6
309;543;6
308;542;6
307;541;6
306;540;6
312;545;6
311;544;6
310;543;6
309;542;6
308;541;6
307;540;6
306;539;6
313;545;6
312;544;6
311;543;6
310;542;6
309;541;6
308;540;6
307;539;6
313;544;6
312;543;6
311;542;6
310;541;6
309;540;6
308;539;6
314;544;6
313;543;6
312;542;6
311;541;6
310;540;6
309;539;6
314;543;6
313;542;6
312;541;6
311;540;6
310;539;6
315;543;6
314;542;6
313;541;6
312;540;6
311;539;6
315;542;6
314;541;6
313;540;6
312;539;6
315;541;6
314;540;6
313;539;6
315;540;6
314;539;6
279;512;7
280;512;7
281;512;7
290;431;8
291;431;8
290;432;8
292;431;8
291;432;8
291;430;8
290;433;8
293;431;8
292;432;8
292;430;8
291;433;8
290;434;8
294;431;8
293;432;8
293;430;8
292;433;8
291;434;8
295;431;8
294;432;8
294;430;8
293;433;8
293;429;8
292;434;8
291;435;8
296;431;8
295;432;8
295;430;8
294;433;8
294;429;8
293;434;8
292;435;8
297;431;8
296;432;8
296;430;8
295;433;8
295;429;8
294;434;8
293;435;8
298;431;8
297;432;8
297;430;8
296;433;8
296;429;8
295;434;8
294;435;8
298;432;8
297;433;8
296;434;8
295;435;8
299;432;8
298;433;8
297;434;8
296;435;8
299;433;8
298;434;8
297;435;8
307;458;9
308;458;9
307;459;9
309;458;9
308;459;9
308;457;9
310;458;9
309;459;9
309;457;9
308;460;9
311;458;9
310;459;9
310;457;9
309;460;9
311;459;9
310;460;9
312;459;9
311;460;9
312;460;9
319;580;10
320;580;10
319;581;10
321;580;10
320;581;10
320;579;10
319;582;10
322;580;10
321;581;10
321;579;10
320;582;10
320;578;10
319;583;10
323;580;10
322;581;10
322;579;10
321;582;10
321;578;10
320;583;10
320;577;10
319;584;10
324;580;10
323;581;10
323;579;10
322;582;10
322;578;10
321;583;10
321;577;10
320;584;10
325;580;10
324;581;10
324;579;10
323;582;10
323;578;10
322;583;10
322;577;10
321;584;10
321;576;10
326;580;10
325;581;10
325;579;10
324;582;10
324;578;10
323;577;10
322;576;10
321;575;10
326;579;10
325;578;10
324;577;10
323;576;10
322;575;10
327;579;10
326;578;10
325;577;10
324;576;10
323;575;10
327;578;10
326;577;10
325;576;10
324;575;10
323;574;10
327;577;10
326;576;10
325;575;10
324;574;10
327;576;10
326;575;10
325;574;10
324;573;10
327;575;10
326;574;10
325;573;10
327;574;10
326;573;10
321;506;11
322;506;11
321;507;11
323;506;11
322;507;11
323;507;11
322;508;11
324;507;11
323;508;11
325;507;11
324;508;11
326;507;11
325;508;11
324;509;11
327;507;11
326;508;11
325;509;11
328;507;11
327;508;11
326;509;11
329;507;11
328;508;11
327;509;11
326;510;11
330;507;11
329;508;11
328;509;11
327;510;11
331;507;11
330;508;11
329;509;11
328;510;11
332;507;11
331;508;11
330;509;11
329;510;11
333;507;11
332;508;11
331;509;11
330;510;11
329;511;11
334;507;11
333;508;11
332;509;11
331;510;11
330;511;11
335;507;11
334;508;11
334;506;11
333;509;11
332;510;11
331;511;11
336;507;11
335;508;11
335;506;11
334;509;11
333;510;11
332;511;11
331;512;11
337;507;11
336;508;11
336;506;11
335;509;11
334;510;11
333;511;11
332;512;11
338;507;11
337;508;11
337;506;11
336;509;11
335;510;11
334;511;11
333;512;11
339;507;11
338;508;11
338;506;11
337;509;11
336;510;11
335;511;11
334;512;11
333;513;11
340;507;11
339;508;11
339;506;11
338;509;11
337;510;11
336;511;11
335;512;11
334;513;11
341;507;11
340;508;11
340;506;11
339;509;11
338;510;11
337;511;11
336;512;11
335;513;11
334;514;11
342;507;11
341;508;11
341;506;11
340;509;11
339;510;11
338;511;11
337;512;11
336;513;11
335;514;11
343;507;11
342;508;11
342;506;11
341;509;11
340;510;11
339;511;11
338;512;11
337;513;11
336;514;11
344;507;11
343;508;11
343;506;11
342;509;11
341;510;11
340;511;11
339;512;11
338;513;11
337;514;11
344;508;11
343;509;11
342;510;11
341;511;11
340;512;11
339;513;11
338;514;11
345;508;11
344;509;11
343;510;11
342;511;11
341;512;11
340;513;11
339;514;11
338;515;11
345;509;11
344;510;11
343;511;11
342;512;11
341;513;11
340;514;11
339;515;11
346;509;11
345;510;11
344;511;11
343;512;11
342;513;11
341;514;11
340;515;11
346;510;11
345;511;11
344;512;11
343;513;11
342;514;11
341;515;11
347;510;11
346;511;11
345;512;11
344;513;11
343;514;11
342;515;11
347;511;11
346;512;11
345;513;11
344;514;11
343;515;11
348;511;11
347;512;11
346;513;11
345;514;11
344;515;11
349;511;11
348;512;11
347;513;11
346;514;11
345;515;11
344;516;11
349;512;11
348;513;11
347;514;11
346;515;11
345;516;11
350;512;11
349;513;11
348;514;11
347;515;11
346;516;11
345;517;11
351;512;11
350;513;11
349;514;11
348;515;11
347;516;11
346;517;11
345;518;11
351;513;11
350;514;11
349;515;11
348;516;11
347;517;11
346;518;11
345;519;11
352;513;11
351;514;11
350;515;11
349;516;11
348;517;11
347;518;11
346;519;11
344;519;11
345;520;11
352;514;11
351;515;11
350;516;11
349;517;11
348;518;11
347;519;11
346;520;11
344;520;11
345;521;11
353;514;11
352;515;11
351;516;11
350;517;11
349;518;11
348;519;11
347;520;11
346;521;11
344;521;11
345;522;11
353;515;11
352;516;11
351;517;11
350;518;11
349;519;11
348;520;11
347;521;11
346;522;11
344;522;11
345;523;11
354;515;11
353;516;11
352;517;11
351;518;11
350;519;11
349;520;11
348;521;11
347;522;11
346;523;11
344;523;11
345;524;11
354;516;11
353;517;11
352;518;11
351;519;11
350;520;11
349;521;11
348;522;11
347;523;11
346;524;11
343;523;11
344;524;11
345;525;11
355;516;11
354;517;11
353;518;11
352;519;11
351;520;11
350;521;11
349;522;11
348;523;11
347;524;11
346;525;11
343;524;11
344;525;11
345;526;11
355;517;11
354;518;11
353;519;11
352;520;11
351;521;11
350;522;11
349;523;11
348;524;11
347;525;11
346;526;11
343;525;11
344;526;11
345;527;11
356;517;11
355;518;11
354;519;11
353;520;11
352;521;11
351;522;11
350;523;11
349;524;11
348;525;11
347;526;11
346;527;11
343;526;11
344;527;11
345;528;11
356;518;11
355;519;11
354;520;11
353;521;11
352;522;11
351;523;11
350;524;11
349;525;11
348;526;11
347;527;11
346;528;11
343;527;11
344;528;11
345;529;11
357;518;11
356;519;11
355;520;11
354;521;11
353;522;11
352;523;11
351;524;11
350;525;11
349;526;11
348;527;11
347;528;11
346;529;11
343;528;11
344;529;11
345;530;11
357;519;11
356;520;11
355;521;11
354;522;11
353;523;11
352;524;11
351;525;11
350;526;11
349;527;11
348;528;11
347;529;11
346;530;11
343;529;11
344;530;11
345;531;11
356;521;11
355;522;11
354;523;11
353;524;11
352;525;11
351;526;11
350;527;11
349;528;11
348;529;11
347;530;11
346;531;11
343;530;11
344;531;11
345;532;11
356;522;11
355;523;11
354;524;11
353;525;11
352;526;11
351;527;11
350;528;11
349;529;11
348;530;11
347;531;11
346;532;11
343;531;11
344;532;11
345;533;11
356;523;11
355;524;11
354;525;11
353;526;11
352;527;11
351;528;11
350;529;11
349;530;11
348;531;11
347;532;11
346;533;11
344;533;11
345;534;11
355;525;11
354;526;11
353;527;11
352;528;11
351;529;11
350;530;11
349;531;11
348;532;11
347;533;11
346;534;11
355;526;11
354;527;11
353;528;11
352;529;11
351;530;11
350;531;11
349;532;11
348;533;11
347;534;11
346;535;11
355;527;11
354;528;11
353;529;11
352;530;11
351;531;11
350;532;11
349;533;11
348;534;11
347;535;11
354;529;11
353;530;11
352;531;11
351;532;11
350;533;11
349;534;11
348;535;11
354;530;11
353;531;11
352;532;11
351;533;11
350;534;11
349;535;11
348;536;11
353;532;11
352;533;11
351;534;11
350;535;11
349;536;11
353;533;11
352;534;11
351;535;11
350;536;11
352;535;11
351;536;11
338;611;12
339;611;12
340;611;12
339;610;12
340;610;12
339;609;12
341;610;12
340;609;12
339;608;12
341;609;12
340;608;12
342;609;12
341;608;12
340;607;12
342;608;12
341;607;12
340;606;12
343;608;12
342;607;12
341;606;12
340;605;12
343;607;12
342;606;12
341;605;12
343;606;12
342;605;12
341;604;12
344;606;12
343;605;12
342;604;12
341;603;12
344;605;12
343;604;12
342;603;12
344;604;12
343;603;12
342;602;12
344;603;12
343;602;12
342;601;12
345;603;12
344;602;12
343;601;12
342;600;12
345;602;12
344;601;12
343;600;12
342;599;12
345;601;12
344;600;12
343;599;12
346;601;12
345;600;12
344;599;12
343;598;12
346;600;12
345;599;12
344;598;12
343;597;12
347;600;12
346;599;12
345;598;12
344;597;12
347;599;12
346;598;12
345;597;12
344;596;12
347;598;12
346;597;12
345;596;12
348;598;12
347;597;12
346;596;12
345;595;12
348;597;12
347;596;12
346;595;12
345;594;12
349;597;12
348;596;12
347;595;12
346;594;12
349;596;12
348;595;12
347;594;12
346;593;12
349;595;12
348;594;12
347;593;12
350;595;12
349;594;12
348;593;12
347;592;12
350;594;12
349;593;12
348;592;12
347;591;12
351;594;12
350;593;12
349;592;12
348;591;12
347;590;12
352;594;12
351;593;12
350;592;12
349;591;12
348;590;12
352;593;12
351;592;12
350;591;12
349;590;12
348;589;12
352;592;12
351;591;12
350;590;12
349;589;12
348;588;12
352;591;12
351;590;12
350;589;12
349;588;12
348;587;12
352;590;12
351;589;12
350;588;12
349;587;12
352;589;12
351;588;12
350;587;12
349;586;12
352;588;12
351;587;12
350;586;12
349;585;12
352;587;12
351;586;12
350;585;12
349;584;12
352;586;12
351;585;12
350;584;12
349;583;12
352;585;12
351;584;12
350;583;12
349;582;12
352;584;12
351;583;12
350;582;12
352;583;12
351;582;12
350;581;12
353;583;12
352;582;12
351;581;12
350;580;12
353;582;12
352;581;12
351;580;12
350;579;12
353;581;12
352;580;12
351;579;12
350;578;12
353;580;12
352;579;12
351;578;12
349;578;12
350;577;12
354;580;12
353;579;12
352;578;12
351;577;12
350;576;12
354;579;12
353;578;12
352;577;12
351;576;12
354;578;12
353;577;12
352;576;12
351;575;12
354;577;12
353;576;12
352;575;12
351;574;12
354;576;12
353;575;12
352;574;12
355;576;12
354;575;12
353;574;12
352;573;12
355;575;12
354;574;12
353;573;12
355;574;12
354;573;12
353;572;12
355;573;12
354;572;12
355;572;12
354;571;12
356;572;12
355;571;12
354;570;12
357;572;12
356;571;12
355;570;12
354;569;12
357;571;12
356;570;12
355;569;12
354;568;12
358;571;12
357;570;12
356;569;12
355;568;12
359;571;12
358;570;12
357;569;12
356;568;12
355;567;12
360;571;12
359;570;12
358;569;12
357;568;12
356;567;12
361;571;12
360;572;12
360;570;12
359;569;12
358;568;12
357;567;12
362;571;12
361;572;12
361;570;12
360;569;12
363;571;12
362;572;12
362;570;12
361;569;12
364;571;12
363;572;12
363;570;12
362;569;12
365;571;12
364;572;12
364;570;12
363;569;12
365;572;12
365;570;12
364;569;12
347;418;13
348;418;13
347;419;13
349;418;13
348;419;13
347;420;13
350;418;13
349;419;13
349;417;13
348;420;13
351;418;13
350;419;13
350;417;13
349;420;13
352;418;13
351;419;13
351;417;13
350;420;13
353;418;13
352;419;13
352;417;13
351;420;13
354;418;13
353;419;13
353;417;13
352;420;13
354;417;13
349;478;14
350;478;14
359;546;15
360;546;15
361;546;15
360;547;15
360;545;15
362;546;15
361;547;15
361;545;15
363;546;15
362;547;15
362;545;15
364;546;15
363;547;15
363;545;15
365;546;15
364;547;15
364;545;15
366;546;15
365;547;15
365;545;15
366;547;15
366;545;15
361;349;16
362;349;16
361;350;16
362;350;16
361;351;16
363;350;16
362;351;16
363;351;16
362;352;16
363;352;16
375;468;17
376;468;17
375;469;17
377;468;17
376;469;17
376;467;17
378;468;17
377;469;17
377;467;17
376;470;17
379;468;17
378;469;17
378;467;17
377;470;17
377;466;17
380;468;17
379;469;17
379;467;17
378;470;17
378;466;17
377;471;17
381;468;17
380;469;17
380;467;17
379;470;17
379;466;17
378;471;17
382;468;17
381;469;17
381;467;17
380;470;17
380;466;17
379;471;17
379;465;17
383;468;17
382;469;17
382;467;17
381;470;17
381;466;17
380;471;17
380;465;17
379;472;17
384;468;17
383;469;17
383;467;17
382;470;17
382;466;17
381;471;17
381;465;17
380;472;17
385;468;17
384;469;17
384;467;17
383;470;17
383;466;17
382;471;17
382;465;17
381;472;17
380;473;17
386;468;17
385;469;17
385;467;17
384;470;17
384;466;17
383;471;17
383;465;17
382;472;17
381;473;17
387;468;17
386;469;17
386;467;17
385;470;17
385;466;17
384;471;17
384;465;17
383;472;17
383;464;17
382;473;17
388;468;17
387;469;17
387;467;17
386;470;17
386;466;17
385;471;17
385;465;17
384;472;17
384;464;17
383;473;17
382;474;17
389;468;17
388;469;17
388;467;17
387;470;17
387;466;17
386;471;17
386;465;17
385;472;17
385;464;17
384;473;17
383;474;17
390;468;17
389;469;17
389;467;17
388;470;17
388;466;17
387;471;17
387;465;17
386;472;17
386;464;17
385;473;17
384;474;17
383;475;17
391;468;17
390;469;17
390;467;17
389;470;17
389;466;17
388;471;17
388;465;17
387;472;17
386;473;17
385;474;17
384;475;17
391;469;17
390;470;17
389;471;17
388;472;17
387;473;17
386;474;17
385;475;17
384;476;17
392;469;17
391;470;17
390;471;17
389;472;17
388;473;17
387;474;17
386;475;17
385;476;17
392;470;17
391;471;17
390;472;17
389;473;17
388;474;17
387;475;17
386;476;17
385;477;17
392;471;17
391;472;17
390;473;17
389;474;17
388;475;17
387;476;17
386;477;17
385;478;17
392;472;17
391;473;17
390;474;17
389;475;17
388;476;17
387;477;17
386;478;17
392;473;17
391;474;17
390;475;17
389;476;17
388;477;17
387;478;17
386;479;17
391;475;17
390;476;17
389;477;17
388;478;17
387;479;17
389;478;17
388;479;17
377;421;18
378;421;18
377;422;18
379;421;18
378;422;18
378;420;18
380;421;18
379;422;18
379;420;18
378;423;18
381;421;18
380;422;18
380;420;18
379;423;18
379;419;18
378;424;18
382;421;18
381;422;18
381;420;18
380;423;18
380;419;18
379;424;18
378;425;18
383;421;18
382;422;18
382;420;18
381;423;18
381;419;18
380;424;18
379;425;18
378;426;18
384;421;18
383;422;18
383;420;18
382;423;18
382;419;18
381;424;18
380;425;18
379;426;18
385;421;18
384;422;18
384;420;18
383;423;18
383;419;18
382;424;18
381;425;18
380;426;18
379;427;18
386;421;18
385;422;18
385;420;18
384;423;18
384;419;18
383;424;18
382;425;18
381;426;18
380;427;18
379;428;18
386;422;18
385;423;18
384;424;18
383;425;18
382;426;18
381;427;18
380;428;18
379;429;18
387;422;18
386;423;18
385;424;18
384;425;18
383;426;18
382;427;18
381;428;18
380;429;18
387;423;18
386;424;18
385;425;18
384;426;18
383;427;18
382;428;18
381;429;18
380;430;18
388;423;18
387;424;18
386;425;18
385;426;18
384;427;18
383;428;18
382;429;18
381;430;18
380;431;18
388;424;18
387;425;18
386;426;18
385;427;18
384;428;18
383;429;18
382;430;18
381;431;18
389;424;18
388;425;18
387;426;18
386;427;18
385;428;18
384;429;18
383;430;18
382;431;18
381;432;18
389;425;18
388;426;18
387;427;18
386;428;18
385;429;18
384;430;18
383;431;18
382;432;18
381;433;18
390;425;18
389;426;18
388;427;18
387;428;18
386;429;18
385;430;18
384;431;18
383;432;18
382;433;18
381;434;18
390;426;18
389;427;18
388;428;18
387;429;18
386;430;18
385;431;18
384;432;18
383;433;18
382;434;18
391;426;18
390;427;18
389;428;18
388;429;18
387;430;18
386;431;18
385;432;18
384;433;18
383;434;18
382;435;18
391;427;18
390;428;18
389;429;18
388;430;18
387;431;18
386;432;18
385;433;18
384;434;18
383;435;18
382;436;18
392;427;18
391;428;18
390;429;18
389;430;18
388;431;18
387;432;18
386;433;18
385;434;18
384;435;18
383;436;18
392;428;18
391;429;18
390;430;18
389;431;18
388;432;18
387;433;18
386;434;18
385;435;18
384;436;18
383;437;18
393;428;18
392;429;18
391;430;18
390;431;18
389;432;18
388;433;18
387;434;18
386;435;18
385;436;18
384;437;18
393;429;18
392;430;18
391;431;18
390;432;18
389;433;18
388;434;18
387;435;18
386;436;18
385;437;18
384;438;18
393;430;18
392;431;18
391;432;18
390;433;18
389;434;18
388;435;18
387;436;18
386;437;18
385;438;18
393;431;18
392;432;18
391;433;18
390;434;18
389;435;18
388;436;18
387;437;18
386;438;18
385;439;18
394;431;18
393;432;18
392;433;18
391;434;18
390;435;18
389;436;18
388;437;18
387;438;18
386;439;18
394;432;18
393;433;18
392;434;18
391;435;18
390;436;18
389;437;18
388;438;18
387;439;18
386;440;18
394;433;18
393;434;18
392;435;18
391;436;18
390;437;18
389;438;18
388;439;18
387;440;18
394;434;18
393;435;18
392;436;18
391;437;18
390;438;18
389;439;18
388;440;18
393;436;18
392;437;18
391;438;18
390;439;18
389;440;18
393;437;18
392;438;18
391;439;18
390;440;18
378;494;19
379;494;19
378;495;19
380;494;19
379;495;19
379;493;19
378;496;19
381;494;19
380;495;19
380;493;19
379;496;19
379;492;19
378;497;19
382;494;19
381;495;19
381;493;19
380;496;19
380;492;19
379;497;19
378;498;19
383;494;19
382;495;19
382;493;19
381;496;19
381;492;19
380;497;19
380;491;19
379;498;19
384;494;19
383;495;19
383;493;19
382;496;19
382;492;19
381;497;19
381;491;19
380;498;19
379;499;19
385;494;19
384;495;19
384;493;19
383;496;19
383;492;19
382;497;19
382;491;19
381;498;19
380;499;19
386;494;19
385;495;19
385;493;19
384;496;19
384;492;19
383;497;19
383;491;19
382;498;19
382;490;19
381;499;19
380;500;19
387;494;19
386;495;19
386;493;19
385;496;19
385;492;19
384;497;19
384;491;19
383;498;19
383;490;19
382;499;19
381;500;19
388;494;19
387;495;19
387;493;19
386;496;19
386;492;19
385;497;19
385;491;19
384;498;19
384;490;19
383;499;19
382;500;19
381;501;19
389;494;19
388;495;19
388;493;19
387;496;19
387;492;19
386;497;19
386;491;19
385;498;19
385;490;19
384;499;19
384;489;19
383;500;19
382;501;19
390;494;19
389;495;19
389;493;19
388;496;19
388;492;19
387;497;19
387;491;19
386;498;19
386;490;19
385;499;19
385;489;19
384;500;19
383;501;19
382;502;19
391;494;19
390;495;19
390;493;19
389;496;19
389;492;19
388;497;19
388;491;19
387;498;19
387;490;19
386;499;19
386;489;19
385;500;19
385;488;19
384;501;19
383;502;19
392;494;19
391;495;19
391;493;19
390;496;19
390;492;19
389;497;19
389;491;19
388;498;19
388;490;19
387;499;19
387;489;19
386;500;19
386;488;19
385;501;19
384;502;19
383;503;19
393;494;19
392;495;19
392;493;19
391;496;19
391;492;19
390;497;19
390;491;19
389;498;19
389;490;19
388;499;19
388;489;19
387;500;19
387;488;19
386;501;19
385;502;19
384;503;19
383;504;19
394;494;19
393;495;19
393;493;19
392;496;19
392;492;19
391;497;19
391;491;19
390;498;19
390;490;19
389;499;19
389;489;19
388;500;19
387;501;19
386;502;19
385;503;19
384;504;19
383;505;19
395;494;19
394;495;19
394;493;19
393;496;19
393;492;19
392;497;19
392;491;19
391;498;19
391;490;19
390;499;19
390;489;19
389;500;19
388;501;19
387;502;19
386;503;19
385;504;19
384;505;19
382;505;19
383;506;19
396;494;19
395;495;19
395;493;19
394;496;19
394;492;19
393;497;19
393;491;19
392;498;19
392;490;19
391;499;19
391;489;19
390;500;19
389;501;19
388;502;19
385;505;19
384;506;19
382;506;19
397;494;19
396;495;19
396;493;19
395;496;19
395;492;19
394;497;19
394;491;19
393;498;19
393;490;19
392;499;19
392;489;19
391;500;19
390;501;19
385;506;19
398;494;19
397;495;19
397;493;19
396;496;19
396;492;19
395;497;19
395;491;19
394;498;19
394;490;19
393;499;19
393;489;19
392;500;19
391;501;19
399;494;19
398;495;19
398;493;19
397;496;19
397;492;19
396;497;19
396;491;19
395;498;19
395;490;19
394;499;19
394;489;19
393;500;19
392;501;19
400;494;19
399;495;19
399;493;19
398;496;19
398;492;19
397;497;19
397;491;19
396;498;19
396;490;19
395;499;19
395;489;19
394;500;19
394;488;19
393;501;19
392;502;19
401;494;19
400;495;19
400;493;19
399;496;19
399;492;19
398;497;19
398;491;19
397;498;19
397;490;19
396;499;19
396;489;19
395;500;19
395;488;19
394;501;19
393;502;19
402;494;19
401;495;19
401;493;19
400;496;19
400;492;19
399;497;19
399;491;19
398;498;19
398;490;19
397;499;19
397;489;19
396;500;19
396;488;19
395;501;19
395;487;19
394;502;19
403;494;19
402;495;19
402;493;19
401;496;19
401;492;19
400;497;19
400;491;19
399;498;19
399;490;19
398;499;19
398;489;19
397;500;19
397;488;19
396;501;19
396;487;19
395;502;19
394;503;19
403;495;19
402;496;19
401;497;19
400;498;19
399;499;19
399;489;19
398;500;19
398;488;19
397;501;19
397;487;19
396;502;19
396;486;19
395;503;19
404;495;19
403;496;19
402;497;19
401;498;19
400;499;19
399;500;19
399;488;19
398;501;19
398;487;19
397;502;19
397;486;19
396;503;19
404;496;19
403;497;19
402;498;19
401;499;19
400;500;19
399;501;19
400;488;19
399;487;19
398;502;19
398;486;19
397;503;19
397;485;19
405;496;19
404;497;19
403;498;19
402;499;19
401;500;19
400;501;19
399;502;19
400;487;19
399;486;19
398;503;19
398;485;19
405;497;19
404;498;19
403;499;19
402;500;19
401;501;19
400;502;19
399;503;19
405;498;19
404;499;19
403;500;19
402;501;19
401;502;19
400;503;19
405;499;19
404;500;19
403;501;19
402;502;19
401;503;19
405;500;19
404;501;19
403;502;19
402;503;19
405;501;19
404;502;19
403;503;19
392;524;20
393;524;20
392;525;20
394;524;20
393;525;20
393;523;20
392;526;20
395;524;20
394;525;20
394;523;20
393;526;20
393;522;20
396;524;20
395;525;20
395;523;20
394;526;20
394;522;20
393;527;20
393;521;20
397;524;20
396;525;20
396;523;20
395;526;20
395;522;20
394;527;20
394;521;20
398;524;20
397;525;20
397;523;20
396;526;20
396;522;20
395;527;20
395;521;20
394;528;20
394;520;20
399;524;20
398;525;20
398;523;20
397;526;20
397;522;20
396;527;20
396;521;20
395;528;20
395;520;20
400;524;20
399;525;20
399;523;20
398;526;20
398;522;20
397;527;20
397;521;20
396;528;20
396;520;20
400;525;20
400;523;20
399;526;20
399;522;20
398;527;20
398;521;20
397;528;20
397;520;20
396;519;20
400;522;20
399;527;20
399;521;20
398;528;20
398;520;20
397;519;20
400;521;20
399;520;20
398;519;20
400;520;20
399;519;20
399;354;21
400;354;21
399;355;21
401;354;21
400;355;21
400;353;21
402;354;21
401;355;21
401;353;21
400;356;21
403;354;21
402;355;21
402;353;21
401;356;21
404;354;21
403;355;21
403;353;21
402;356;21
405;354;21
404;355;21
404;353;21
403;356;21
403;352;21
406;354;21
405;355;21
405;353;21
404;356;21
404;352;21
407;354;21
406;355;21
406;353;21
405;356;21
405;352;21
408;354;21
407;355;21
407;353;21
406;356;21
406;352;21
408;353;21
407;352;21
402;484;22
403;484;22
402;485;22
404;484;22
403;485;22
403;483;22
405;484;22
404;485;22
404;483;22
403;486;22
403;482;22
406;484;22
405;485;22
405;483;22
404;486;22
404;482;22
407;484;22
406;485;22
406;483;22
405;486;22
405;482;22
404;481;22
408;484;22
407;485;22
407;483;22
406;486;22
406;482;22
405;481;22
404;480;22
409;484;22
408;485;22
408;483;22
407;486;22
407;482;22
406;481;22
405;480;22
410;484;22
409;485;22
409;483;22
408;486;22
408;482;22
407;481;22
406;480;22
411;484;22
410;485;22
410;483;22
409;486;22
409;482;22
408;481;22
407;480;22
406;479;22
412;484;22
411;485;22
411;483;22
410;486;22
410;482;22
409;481;22
408;480;22
407;479;22
413;484;22
412;485;22
412;483;22
411;486;22
411;482;22
410;481;22
409;480;22
408;479;22
413;483;22
412;482;22
411;481;22
410;480;22
409;479;22
413;482;22
412;481;22
411;480;22
410;479;22
444;332;23
445;332;23
444;333;23
445;333;23
558;354;24
559;354;24
558;355;24
560;354;24
559;355;24
559;353;24
558;356;24
561;354;24
560;355;24
560;353;24
559;356;24
562;354;24
561;355;24
561;353;24
560;356;24
559;357;24
563;354;24
562;355;24
562;353;24
561;356;24
561;352;24
560;357;24
564;354;24
563;355;24
563;353;24
562;356;24
562;352;24
561;357;24
565;354;24
564;355;24
564;353;24
563;356;24
563;352;24
562;357;24
566;354;24
565;355;24
565;353;24
564;356;24
564;352;24
563;357;24
566;355;24
566;353;24
565;356;24
565;352;24
564;357;24
574;427;25
575;427;25
574;428;25
575;428;25
574;429;25
576;428;25
575;429;25
574;430;25
576;429;25
575;430;25
574;431;25
577;429;25
576;430;25
575;431;25
577;430;25
576;431;25
575;432;25
578;430;25
577;431;25
576;432;25
578;431;25
577;432;25
579;431;25
578;432;25
579;432;25
587;467;26
588;467;26
587;468;26
589;467;26
588;468;26
588;466;26
587;469;26
590;467;26
589;468;26
589;466;26
588;469;26
588;465;26
587;470;26
591;467;26
590;468;26
590;466;26
589;469;26
589;465;26
588;470;26
588;464;26
587;471;26
592;467;26
591;468;26
591;466;26
590;469;26
590;465;26
589;470;26
589;464;26
588;471;26
588;463;26
593;467;26
592;468;26
592;466;26
591;469;26
591;465;26
590;470;26
590;464;26
589;471;26
589;463;26
594;467;26
593;468;26
593;466;26
592;469;26
592;465;26
591;470;26
591;464;26
590;471;26
590;463;26
589;462;26
595;467;26
594;468;26
594;466;26
593;469;26
593;465;26
592;470;26
592;464;26
591;463;26
590;462;26
589;461;26
596;467;26
595;468;26
595;466;26
594;469;26
594;465;26
593;470;26
593;464;26
592;463;26
591;462;26
590;461;26
597;467;26
596;468;26
596;466;26
595;469;26
595;465;26
594;470;26
594;464;26
593;463;26
592;462;26
591;461;26
590;460;26
598;467;26
597;468;26
597;466;26
596;469;26
596;465;26
595;470;26
595;464;26
594;463;26
593;462;26
592;461;26
591;460;26
590;459;26
599;467;26
598;468;26
598;466;26
597;469;26
597;465;26
596;470;26
596;464;26
595;463;26
594;462;26
593;461;26
592;460;26
591;459;26
600;467;26
599;468;26
599;466;26
598;469;26
598;465;26
597;464;26
596;463;26
595;462;26
594;461;26
593;460;26
592;459;26
591;458;26
601;467;26
600;468;26
600;466;26
599;465;26
598;464;26
597;463;26
596;462;26
595;461;26
594;460;26
593;459;26
592;458;26
601;466;26
600;465;26
599;464;26
598;463;26
597;462;26
596;461;26
595;460;26
594;459;26
593;458;26
592;457;26
602;466;26
601;465;26
600;464;26
599;463;26
598;462;26
597;461;26
596;460;26
595;459;26
594;458;26
593;457;26
602;465;26
601;464;26
600;463;26
599;462;26
598;461;26
597;460;26
596;459;26
595;458;26
594;457;26
603;465;26
602;464;26
601;463;26
600;462;26
599;461;26
598;460;26
597;459;26
596;458;26
595;457;26
594;456;26
603;464;26
602;463;26
601;462;26
600;461;26
599;460;26
598;459;26
597;458;26
596;457;26
595;456;26
603;463;26
602;462;26
601;461;26
600;460;26
599;459;26
598;458;26
597;457;26
596;456;26
595;455;26
604;463;26
603;462;26
602;461;26
601;460;26
600;459;26
599;458;26
598;457;26
597;456;26
596;455;26
604;462;26
603;461;26
602;460;26
601;459;26
600;458;26
599;457;26
598;456;26
597;455;26
604;461;26
603;460;26
602;459;26
601;458;26
600;457;26
599;456;26
598;455;26
604;460;26
603;459;26
602;458;26
601;457;26
600;456;26
599;455;26
603;458;26
602;457;26
601;456;26
600;455;26
599;454;26
603;457;26
602;456;26
601;455;26
600;454;26
603;456;26
602;455;26
601;454;26
603;455;26
602;454;26
591;430;27
592;430;27
591;431;27
593;430;27
592;431;27
592;429;27
591;432;27
594;430;27
593;431;27
593;429;27
592;432;27
595;430;27
594;431;27
594;429;27
593;432;27
592;433;27
596;430;27
595;431;27
595;429;27
594;432;27
593;433;27
596;431;27
595;432;27
594;433;27
593;434;27
596;432;27
595;433;27
594;434;27
596;433;27
595;434;27
597;499;28
598;499;28
597;500;28
599;499;28
598;500;28
597;501;28
600;499;28
599;500;28
598;501;28
597;502;28
601;499;28
600;500;28
599;501;28
598;502;28
597;503;28
602;499;28
601;500;28
600;501;28
599;502;28
598;503;28
597;504;28
603;499;28
602;500;28
601;501;28
600;502;28
599;503;28
598;504;28
597;505;28
604;499;28
603;500;28
602;501;28
601;502;28
600;503;28
599;504;28
598;505;28
597;506;28
605;499;28
604;500;28
603;501;28
602;502;28
601;503;28
600;504;28
599;505;28
598;506;28
597;507;28
606;499;28
605;500;28
604;501;28
603;502;28
602;503;28
601;504;28
600;505;28
599;506;28
598;507;28
597;508;28
607;499;28
606;500;28
605;501;28
604;502;28
603;503;28
602;504;28
601;505;28
600;506;28
599;507;28
598;508;28
597;509;28
608;499;28
607;500;28
606;501;28
605;502;28
604;503;28
603;504;28
602;505;28
601;506;28
600;507;28
599;508;28
598;509;28
597;510;28
608;500;28
607;501;28
606;502;28
605;503;28
604;504;28
603;505;28
602;506;28
601;507;28
600;508;28
599;509;28
598;510;28
609;500;28
608;501;28
607;502;28
606;503;28
605;504;28
604;505;28
603;506;28
602;507;28
601;508;28
600;509;28
599;510;28
598;511;28
609;501;28
608;502;28
607;503;28
606;504;28
605;505;28
604;506;28
603;507;28
602;508;28
601;509;28
600;510;28
599;511;28
598;512;28
610;501;28
609;502;28
608;503;28
607;504;28
606;505;28
605;506;28
604;507;28
603;508;28
602;509;28
601;510;28
600;511;28
599;512;28
610;502;28
609;503;28
608;504;28
607;505;28
606;506;28
605;507;28
604;508;28
603;509;28
602;510;28
601;511;28
600;512;28
599;513;28
610;503;28
609;504;28
608;505;28
607;506;28
606;507;28
605;508;28
604;509;28
603;510;28
602;511;28
601;512;28
600;513;28
611;503;28
610;504;28
609;505;28
608;506;28
607;507;28
606;508;28
605;509;28
604;510;28
603;511;28
602;512;28
601;513;28
611;504;28
610;505;28
609;506;28
608;507;28
607;508;28
606;509;28
605;510;28
604;511;28
603;512;28
602;513;28
608;508;28
607;509;28
606;510;28
605;511;28
604;512;28
598;515;29
599;515;29
598;516;29
599;516;29
598;517;29
599;517;29
604;542;30
605;542;30
604;543;30
606;542;30
605;543;30
605;541;30
604;544;30
607;542;30
606;543;30
606;541;30
605;544;30
605;540;30
604;545;30
608;542;30
607;543;30
607;541;30
606;544;30
606;540;30
605;545;30
608;541;30
607;544;30
607;540;30
606;545;30
606;539;30
609;541;30
608;540;30
607;539;30
606;538;30
610;541;30
609;540;30
608;539;30
607;538;30
611;541;30
610;540;30
609;539;30
608;538;30
607;537;30
612;541;30
611;540;30
610;539;30
609;538;30
608;537;30
607;536;30
613;541;30
612;540;30
611;539;30
610;538;30
609;537;30
608;536;30
614;541;30
613;540;30
612;539;30
611;538;30
610;537;30
609;536;30
608;535;30
615;541;30
614;540;30
613;539;30
612;538;30
611;537;30
610;536;30
609;535;30
608;534;30
616;541;30
615;540;30
614;539;30
613;538;30
612;537;30
611;536;30
610;535;30
609;534;30
608;533;30
616;540;30
615;539;30
614;538;30
613;537;30
612;536;30
611;535;30
610;534;30
609;533;30
617;540;30
616;539;30
615;538;30
614;537;30
613;536;30
612;535;30
611;534;30
610;533;30
609;532;30
617;539;30
616;538;30
615;537;30
614;536;30
613;535;30
612;534;30
611;533;30
610;532;30
609;531;30
618;539;30
617;538;30
616;537;30
615;536;30
614;535;30
613;534;30
612;533;30
611;532;30
610;531;30
618;538;30
617;537;30
616;536;30
615;535;30
614;534;30
613;533;30
612;532;30
611;531;30
610;530;30
618;537;30
617;536;30
616;535;30
615;534;30
614;533;30
613;532;30
612;531;30
611;530;30
610;529;30
618;536;30
617;535;30
616;534;30
615;533;30
614;532;30
613;531;30
612;530;30
611;529;30
618;535;30
617;534;30
616;533;30
615;532;30
614;531;30
613;530;30
612;529;30
618;534;30
617;533;30
616;532;30
615;531;30
614;530;30
613;529;30
612;528;30
618;533;30
617;532;30
616;531;30
615;530;30
614;529;30
613;528;30
618;532;30
617;531;30
616;530;30
615;529;30
614;528;30
618;531;30
617;530;30
616;529;30
615;528;30
617;529;30
616;528;30
617;528;30
616;527;30
617;527;30
616;526;30
618;527;30
617;526;30
616;525;30
618;526;30
617;525;30
616;524;30
619;526;30
618;525;30
617;524;30
619;525;30
618;524;30
616;489;31
617;489;31
616;490;31
618;489;31
617;490;31
617;488;31
616;491;31
619;489;31
618;490;31
618;488;31
617;491;31
617;487;31
620;489;31
619;490;31
619;488;31
618;491;31
618;487;31
617;492;31
617;486;31
621;489;31
620;490;31
620;488;31
619;491;31
619;487;31
618;492;31
618;486;31
617;493;31
622;489;31
621;490;31
621;488;31
620;491;31
620;487;31
619;492;31
619;486;31
618;493;31
618;485;31
623;489;31
622;490;31
622;488;31
621;491;31
621;487;31
620;492;31
620;486;31
619;493;31
619;485;31
618;494;31
618;484;31
624;489;31
623;490;31
623;488;31
622;491;31
622;487;31
621;492;31
621;486;31
620;493;31
620;485;31
619;494;31
619;484;31
618;495;31
625;489;31
624;490;31
624;488;31
623;491;31
623;487;31
622;492;31
622;486;31
621;493;31
621;485;31
620;494;31
620;484;31
619;495;31
619;483;31
618;496;31
626;489;31
625;490;31
625;488;31
624;491;31
624;487;31
623;492;31
623;486;31
622;493;31
622;485;31
621;494;31
621;484;31
620;495;31
620;483;31
619;496;31
619;482;31
618;497;31
627;489;31
626;490;31
626;488;31
625;491;31
625;487;31
624;492;31
624;486;31
623;493;31
623;485;31
622;494;31
622;484;31
621;495;31
621;483;31
620;496;31
620;482;31
619;497;31
618;498;31
628;489;31
627;490;31
627;488;31
626;491;31
626;487;31
625;492;31
625;486;31
624;493;31
624;485;31
623;494;31
623;484;31
622;495;31
622;483;31
621;496;31
621;482;31
620;497;31
619;498;31
618;499;31
629;489;31
628;490;31
628;488;31
627;491;31
627;487;31
626;492;31
626;486;31
625;493;31
625;485;31
624;494;31
624;484;31
623;495;31
623;483;31
622;496;31
622;482;31
621;497;31
621;481;31
620;498;31
619;499;31
618;500;31
630;489;31
629;490;31
629;488;31
628;491;31
628;487;31
627;492;31
627;486;31
626;493;31
626;485;31
625;494;31
625;484;31
624;495;31
624;483;31
623;496;31
623;482;31
622;497;31
622;481;31
621;498;31
620;499;31
619;500;31
618;501;31
630;490;31
630;488;31
629;491;31
629;487;31
628;492;31
628;486;31
627;493;31
627;485;31
626;494;31
626;484;31
625;495;31
625;483;31
624;496;31
624;482;31
623;497;31
623;481;31
622;498;31
621;499;31
620;500;31
619;501;31
617;501;31
618;502;31
630;491;31
630;487;31
629;492;31
629;486;31
628;493;31
628;485;31
627;494;31
627;484;31
626;495;31
626;483;31
625;496;31
625;482;31
624;497;31
624;481;31
623;498;31
622;499;31
621;500;31
620;501;31
619;502;31
617;502;31
618;503;31
630;492;31
630;486;31
629;493;31
629;485;31
628;494;31
628;484;31
627;495;31
627;483;31
626;496;31
626;482;31
625;497;31
625;481;31
624;498;31
623;499;31
622;500;31
621;501;31
620;502;31
619;503;31
616;502;31
617;503;31
618;504;31
630;493;31
629;494;31
629;484;31
628;495;31
628;483;31
627;496;31
627;482;31
626;497;31
626;481;31
625;498;31
624;499;31
623;500;31
622;501;31
621;502;31
620;503;31
619;504;31
616;503;31
617;504;31
630;494;31
629;495;31
628;496;31
627;497;31
626;498;31
625;499;31
624;500;31
623;501;31
622;502;31
621;503;31
620;504;31
616;504;31
630;495;31
629;496;31
628;497;31
627;498;31
626;499;31
625;500;31
624;501;31
623;502;31
630;496;31
629;497;31
628;498;31
627;499;31
626;500;31
625;501;31
629;498;31
628;499;31
627;500;31
626;501;31
620;361;32
621;361;32
620;362;32
622;361;32
621;362;32
621;360;32
620;363;32
623;361;32
622;362;32
622;360;32
621;363;32
620;364;32
624;361;32
623;362;32
623;360;32
622;363;32
621;364;32
625;361;32
624;362;32
624;360;32
623;363;32
622;364;32
621;365;32
626;361;32
625;362;32
625;360;32
624;363;32
623;364;32
622;365;32
627;361;32
626;362;32
626;360;32
625;363;32
624;364;32
623;365;32
628;361;32
627;362;32
627;360;32
626;363;32
626;359;32
625;364;32
624;365;32
629;361;32
628;362;32
628;360;32
627;363;32
627;359;32
626;364;32
625;365;32
624;366;32
630;361;32
629;362;32
629;360;32
628;363;32
628;359;32
627;364;32
627;358;32
626;365;32
625;366;32
631;361;32
630;362;32
630;360;32
629;363;32
629;359;32
628;364;32
628;358;32
627;365;32
626;366;32
625;367;32
631;362;32
630;363;32
630;359;32
629;364;32
629;358;32
628;365;32
628;357;32
627;366;32
626;367;32
631;363;32
630;364;32
630;358;32
629;365;32
629;357;32
628;366;32
627;367;32
626;368;32
631;364;32
630;365;32
629;366;32
628;367;32
627;368;32
626;369;32
631;365;32
630;366;32
629;367;32
628;368;32
627;369;32
626;370;32
631;366;32
630;367;32
629;368;32
628;369;32
627;370;32
626;371;32
631;367;32
630;368;32
629;369;32
628;370;32
627;371;32
626;372;32
631;368;32
630;369;32
629;370;32
628;371;32
627;372;32
626;373;32
631;369;32
630;370;32
629;371;32
628;372;32
627;373;32
626;374;32
631;370;32
630;371;32
629;372;32
628;373;32
627;374;32
631;371;32
630;372;32
629;373;32
628;374;32
627;375;32
631;372;32
630;373;32
629;374;32
628;375;32
627;376;32
632;372;32
631;373;32
630;374;32
629;375;32
628;376;32
627;377;32
632;373;32
631;374;32
630;375;32
629;376;32
628;377;32
627;378;32
632;374;32
631;375;32
630;376;32
629;377;32
628;378;32
627;379;32
632;375;32
631;376;32
630;377;32
629;378;32
628;379;32
627;380;32
632;376;32
631;377;32
630;378;32
629;379;32
628;380;32
627;381;32
632;377;32
631;378;32
630;379;32
629;380;32
628;381;32
627;382;32
632;378;32
631;379;32
630;380;32
629;381;32
628;382;32
627;383;32
632;379;32
631;380;32
630;381;32
629;382;32
628;383;32
627;384;32
632;380;32
631;381;32
630;382;32
629;383;32
628;384;32
627;385;32
632;381;32
631;382;32
630;383;32
629;384;32
628;385;32
626;385;32
627;386;32
632;382;32
631;383;32
630;384;32
629;385;32
628;386;32
626;386;32
627;387;32
632;383;32
631;384;32
630;385;32
629;386;32
628;387;32
625;386;32
626;387;32
627;388;32
632;384;32
631;385;32
630;386;32
629;387;32
628;388;32
626;388;32
627;389;32
632;385;32
631;386;32
630;387;32
629;388;32
628;389;32
627;390;32
633;385;32
632;386;32
631;387;32
630;388;32
629;389;32
628;390;32
627;391;32
633;386;32
632;387;32
631;388;32
630;389;32
629;390;32
628;391;32
627;392;32
633;387;32
632;388;32
631;389;32
630;390;32
629;391;32
628;392;32
627;393;32
633;388;32
632;389;32
631;390;32
630;391;32
629;392;32
628;393;32
627;394;32
634;388;32
633;389;32
632;390;32
631;391;32
630;392;32
629;393;32
628;394;32
627;395;32
634;389;32
633;390;32
632;391;32
631;392;32
630;393;32
629;394;32
628;395;32
626;395;32
627;396;32
634;390;32
633;391;32
632;392;32
631;393;32
630;394;32
629;395;32
628;396;32
626;396;32
627;397;32
634;391;32
633;392;32
632;393;32
631;394;32
630;395;32
629;396;32
628;397;32
626;397;32
627;398;32
635;391;32
634;392;32
633;393;32
632;394;32
631;395;32
630;396;32
629;397;32
628;398;32
626;398;32
627;399;32
635;392;32
634;393;32
633;394;32
632;395;32
631;396;32
630;397;32
629;398;32
628;399;32
626;399;32
627;400;32
636;392;32
635;393;32
634;394;32
633;395;32
632;396;32
631;397;32
630;398;32
629;399;32
628;400;32
626;400;32
627;401;32
637;392;32
636;393;32
635;394;32
634;395;32
633;396;32
632;397;32
631;398;32
630;399;32
629;400;32
628;401;32
626;401;32
627;402;32
638;392;32
637;393;32
636;394;32
635;395;32
634;396;32
633;397;32
632;398;32
631;399;32
630;400;32
629;401;32
628;402;32
626;402;32
627;403;32
639;392;32
638;393;32
637;394;32
636;395;32
635;396;32
634;397;32
633;398;32
632;399;32
631;400;32
630;401;32
629;402;32
628;403;32
626;403;32
627;404;32
640;392;32
639;393;32
638;394;32
637;395;32
636;396;32
635;397;32
634;398;32
633;399;32
632;400;32
631;401;32
630;402;32
629;403;32
628;404;32
626;404;32
627;405;32
641;392;32
640;393;32
639;394;32
638;395;32
637;396;32
636;397;32
635;398;32
634;399;32
633;400;32
632;401;32
631;402;32
630;403;32
629;404;32
628;405;32
627;406;32
642;392;32
641;393;32
640;394;32
639;395;32
638;396;32
637;397;32
636;398;32
635;399;32
634;400;32
633;401;32
632;402;32
631;403;32
630;404;32
629;405;32
628;406;32
643;392;32
642;393;32
642;391;32
641;394;32
640;395;32
639;396;32
638;397;32
637;398;32
636;399;32
635;400;32
634;401;32
633;402;32
632;403;32
631;404;32
630;405;32
629;406;32
628;407;32
644;392;32
643;393;32
643;391;32
642;394;32
641;395;32
640;396;32
639;397;32
638;398;32
637;399;32
636;400;32
635;401;32
634;402;32
633;403;32
632;404;32
631;405;32
630;406;32
629;407;32
645;392;32
644;393;32
644;391;32
643;394;32
643;390;32
642;395;32
641;396;32
640;397;32
639;398;32
638;399;32
637;400;32
636;401;32
635;402;32
634;403;32
633;404;32
632;405;32
631;406;32
630;407;32
646;392;32
645;393;32
645;391;32
644;394;32
644;390;32
643;395;32
640;398;32
639;399;32
638;400;32
637;401;32
636;402;32
635;403;32
634;404;32
633;405;32
632;406;32
631;407;32
646;391;32
645;390;32
644;389;32
639;400;32
638;401;32
637;402;32
636;403;32
635;404;32
634;405;32
633;406;32
632;407;32
647;391;32
646;390;32
645;389;32
638;402;32
637;403;32
636;404;32
635;405;32
634;406;32
633;407;32
647;390;32
646;389;32
645;388;32
638;403;32
637;404;32
636;405;32
635;406;32
634;407;32
648;390;32
647;389;32
646;388;32
638;404;32
637;405;32
648;389;32
647;388;32
646;387;32
649;389;32
648;388;32
647;387;32
649;388;32
648;387;32
647;386;32
650;388;32
649;387;32
648;386;32
650;387;32
649;386;32
651;387;32
650;386;32
649;385;32
651;386;32
650;385;32
652;386;32
651;385;32
650;384;32
652;385;32
651;384;32
652;384;32
651;383;32
653;384;32
652;383;32
653;383;32
652;382;32
654;383;32
653;382;32
654;382;32
634;343;33
635;343;33
636;343;33
635;344;33
635;342;33
637;343;33
636;344;33
636;342;33
637;344;33
637;342;33
642;469;34
643;469;34
642;470;34
644;469;34
643;470;34
643;468;34
642;471;34
645;469;34
644;470;34
644;468;34
643;471;34
642;472;34
646;469;34
645;470;34
645;468;34
644;471;34
644;467;34
643;472;34
647;469;34
646;470;34
646;468;34
645;471;34
645;467;34
644;472;34
648;469;34
647;470;34
647;468;34
646;471;34
646;467;34
645;472;34
649;469;34
648;470;34
648;468;34
647;471;34
647;467;34
646;472;34
646;466;34
650;469;34
649;470;34
649;468;34
648;471;34
648;467;34
647;472;34
647;466;34
651;469;34
650;470;34
650;468;34
649;471;34
649;467;34
648;472;34
648;466;34
652;469;34
651;470;34
651;468;34
650;471;34
650;467;34
649;472;34
649;466;34
648;465;34
653;469;34
652;470;34
652;468;34
651;471;34
651;467;34
650;472;34
650;466;34
649;465;34
654;469;34
653;470;34
653;468;34
652;471;34
652;467;34
651;472;34
651;466;34
650;465;34
655;469;34
654;470;34
654;468;34
653;471;34
653;467;34
652;466;34
651;465;34
650;464;34
656;469;34
655;470;34
655;468;34
654;467;34
653;466;34
652;465;34
651;464;34
657;469;34
656;468;34
655;467;34
654;466;34
653;465;34
652;464;34
657;468;34
656;467;34
655;466;34
654;465;34
653;464;34
652;463;34
658;468;34
657;467;34
656;466;34
655;465;34
654;464;34
653;463;34
658;467;34
657;466;34
656;465;34
655;464;34
654;463;34
659;467;34
658;466;34
657;465;34
656;464;34
655;463;34
659;466;34
658;465;34
657;464;34
656;463;34
660;466;34
659;465;34
658;464;34
657;463;34
660;465;34
659;464;34
658;463;34
657;462;34
660;464;34
659;463;34
658;462;34
661;464;34
660;463;34
659;462;34
661;463;34
660;462;34
661;462;34
649;433;35
650;433;35
651;433;35
650;434;35
650;432;35
652;433;35
651;434;35
651;432;35
653;433;35
652;434;35
652;432;35
654;433;35
653;434;35
653;432;35
655;433;35
654;434;35
654;432;35
653;431;35
656;433;35
655;434;35
655;432;35
654;431;35
657;433;35
656;434;35
656;432;35
655;431;35
657;432;35
656;431;35
658;432;35
657;431;35
653;346;36
654;346;36
655;346;36
654;347;36
654;345;36
656;346;36
655;347;36
655;345;36
656;347;36
665;578;37
666;578;37
665;579;37
667;578;37
666;579;37
666;577;37
668;578;37
667;579;37
667;577;37
666;580;37
668;579;37
667;580;37
668;580;37
670;500;38
671;500;38
672;500;38
671;501;38
671;499;38
673;500;38
672;501;38
672;499;38
671;498;38
674;500;38
673;501;38
673;499;38
672;498;38
675;500;38
674;501;38
674;499;38
673;498;38
672;497;38
676;500;38
675;501;38
675;499;38
674;498;38
673;497;38
677;500;38
676;501;38
676;499;38
675;498;38
674;497;38
673;496;38
678;500;38
677;499;38
676;498;38
675;497;38
674;496;38
678;499;38
677;498;38
676;497;38
675;496;38
679;499;38
678;498;38
677;497;38
676;496;38
675;495;38
679;498;38
678;497;38
677;496;38
676;495;38
680;498;38
679;497;38
678;496;38
677;495;38
680;497;38
679;496;38
678;495;38
680;496;38
679;495;38
672;358;39
673;358;39
672;359;39
673;359;39
677;347;40
678;347;40
677;348;40
679;347;40
678;348;40
677;349;40
679;348;40
678;349;40
679;349;40
680;392;41
681;392;41
680;393;41
682;392;41
681;393;41
681;391;41
683;392;41
682;393;41
682;391;41
681;394;41
681;390;41
684;392;41
683;393;41
683;391;41
682;394;41
682;390;41
685;392;41
684;393;41
684;391;41
683;394;41
683;390;41
682;389;41
685;393;41
685;391;41
684;394;41
684;390;41
683;389;41
686;391;41
685;390;41
684;389;41
683;388;41
686;390;41
685;389;41
684;388;41
686;389;41
685;388;41
684;387;41
686;388;41
685;387;41
684;386;41
687;388;41
686;387;41
685;386;41
687;387;41
686;386;41
685;385;41
687;386;41
686;385;41
687;385;41
686;384;41
687;384;41
688;384;41
687;383;41
688;383;41
687;382;41
688;382;41
689;382;41
688;381;41
689;381;41
688;380;41
689;380;41
690;380;41
689;379;41
690;379;41
689;378;41
690;378;41
689;377;41
691;378;41
690;377;41
691;377;41
690;376;41
691;376;41
690;375;41
692;376;41
691;375;41
690;374;41
692;375;41
691;374;41
692;374;41
691;373;41
693;374;41
692;373;41
693;373;41
692;372;41
693;372;41
692;371;41
684;553;42
685;553;42
684;554;42
686;553;42
685;554;42
687;553;42
686;554;42
685;555;42
688;553;42
687;554;42
686;555;42
685;556;42
689;553;42
688;554;42
687;555;42
686;556;42
690;553;42
689;554;42
688;555;42
687;556;42
686;557;42
691;553;42
690;554;42
689;555;42
688;556;42
687;557;42
692;553;42
691;554;42
690;555;42
689;556;42
688;557;42
687;558;42
692;554;42
691;555;42
690;556;42
689;557;42
688;558;42
693;554;42
692;555;42
691;556;42
690;557;42
689;558;42
688;559;42
693;555;42
692;556;42
691;557;42
690;558;42
689;559;42
693;556;42
700;397;43
701;397;43
700;398;43
702;397;43
701;398;43
703;397;43
702;398;43
702;396;43
704;397;43
703;398;43
703;396;43
705;397;43
704;398;43
704;396;43
706;397;43
705;398;43
705;396;43
704;395;43
707;397;43
706;398;43
706;396;43
705;395;43
724;429;44
725;429;44
724;430;44
726;429;44
725;430;44
725;428;44
727;429;44
726;430;44
726;428;44
727;430;44
738;503;45
739;503;45
738;504;45
740;503;45
739;504;45
739;502;45
738;505;45
741;503;45
740;504;45
740;502;45
739;505;45
739;501;45
742;503;45
741;504;45
741;502;45
740;505;45
740;501;45
739;506;45
742;504;45
741;505;45
741;501;45
740;506;45
739;507;45
742;505;45
741;506;45
740;507;45
742;506;45
741;507;45
741;495;46
742;495;46
